2000 2000
1 935 1807 99899887
1 278 1786 99865080
1 617 820 99723120
1 953 1351 99537969
1 615 811 99208275
1 872 918 99076136
1 513 1427 99049908
1 1059 1934 98770356
1 30 702 98443106
1 645 1922 98264349
1 447 1111 98094542
1 814 1948 98044275
1 1290 1389 97897320
1 84 608 97866689
1 535 708 97821540
1 184 806 97778968
1 96 483 97409418
1 177 1847 97323134
1 510 878 97261993
1 1631 1734 97223183
1 922 1314 97012813
1 1623 1865 96950225
1 84 754 96821529
1 1065 1182 96783812
1 612 1088 96761875
1 1219 1998 96696032
1 1144 1726 96680427
1 1369 1569 96639871
1 533 868 96604741
1 52 1204 96522351
1 1030 1855 96326830
1 428 447 96218343
1 852 1863 96143284
1 1275 1877 96026597
1 514 1597 95882368
1 720 1902 95881033
1 435 1872 95878215
1 179 554 95814845
1 1122 1660 95805691
1 776 1819 95666524
1 174 942 95485151
1 749 1486 95220315
1 614 1874 95194740
1 95 1700 95080003
1 137 606 94992350
1 536 1714 94743784
1 162 1508 94670585
1 783 1399 94521680
1 217 1473 94419609
1 59 784 94209444
1 454 1095 94048365
1 1411 1694 93952834
1 23 676 93742770
1 910 1554 93591878
1 376 1776 93555358
1 79 1546 93437369
1 314 1650 93379723
1 1275 1444 93233601
1 241 969 93202195
1 132 949 93199450
1 871 1472 93121914
1 313 1561 93011217
1 22 1018 92700741
1 434 1984 92594644
1 869 1202 92525819
1 1024 1825 92381638
1 242 1215 92098770
1 1001 1197 91948425
1 1285 1445 91902543
1 826 1700 91871094
1 241 1879 91711846
1 1374 1497 91655289
1 196 481 91634466
1 61 499 91580287
1 772 903 91575071
1 450 842 91489999
1 1512 1916 91253603
1 616 721 91059220
1 1694 1764 90752424
1 655 1131 90726802
1 727 1129 90621918
1 722 1148 90383703
1 687 1068 90257076
1 1197 1280 90251249
1 53 72 89987662
1 577 1331 89793301
1 156 727 89582554
1 560 695 89535201
1 1061 1261 89360402
1 107 277 89253147
1 663 1810 89189568
1 1193 1582 88987323
1 668 1844 88940407
1 847 1065 88821108
1 1610 1921 88799862
1 1204 1228 88687664
1 737 1668 88618338
1 1611 1867 88587238
1 735 1739 88507376
1 257 931 88446867
1 934 1815 88346684
1 599 1944 88169917
1 1097 1845 88030203
1 44 338 87969763
1 463 666 87839976
1 1009 1662 87760843
1 1726 1801 87676727
1 778 1821 87652870
1 1590 1889 87613005
1 796 951 87460633
1 733 759 87438537
1 450 650 87411216
1 1887 1945 87269848
1 1627 1802 87244691
1 1319 1831 87102615
1 1163 1617 87051515
1 253 1232 86990225
1 916 1613 86511975
1 238 1138 86291046
1 68 226 86085551
1 112 401 86022050
1 958 1200 85771176
1 913 1026 85686492
1 1338 1782 85442812
1 634 850 85285705
1 331 1365 85259949
1 584 1290 85240437
1 323 394 85219579
1 621 960 85206159
1 719 1640 85178359
1 320 1563 85129657
1 899 1556 85069294
1 634 1109 85067705
1 54 814 84938712
1 955 1736 84751512
1 79 189 84736866
1 72 542 84686864
1 562 1872 84417130
1 169 750 84393617
1 82 795 84319695
1 604 724 84245773
1 255 1372 84082898
1 351 655 84017476
1 1772 1832 83854282
1 431 1651 83618197
1 202 467 83519966
1 1068 1274 83401066
1 173 1864 83216310
1 1207 1337 83144813
1 562 1677 83137810
1 310 1039 83122478
1 695 1655 83037698
1 410 786 83009776
1 826 1758 82988256
1 855 1767 82920496
1 174 409 82902841
1 681 826 82856831
1 1538 1735 82738218
1 835 1068 82736843
1 709 1084 82623307
1 536 1832 82521633
1 87 1225 82409217
1 1384 1410 82323469
1 251 310 82288559
1 213 971 82249986
1 730 1089 82135850
1 343 1812 81947962
1 374 1690 81775904
1 568 1430 81700385
1 714 1830 81686386
1 131 1902 81623782
1 928 1274 81606438
1 58 1728 81584736
1 1258 1708 81581616
1 720 1190 81259657
1 263 1936 81235312
1 1762 1877 81165938
1 789 1987 81113902
1 1548 1611 80966356
1 356 898 80774347
1 126 1987 80638376
1 1629 1671 80525975
1 1030 1124 80332900
1 1335 1420 80308871
1 270 371 80057645
1 1120 1948 79684339
1 1233 1420 79628025
1 784 938 79620363
1 823 1481 79566438
1 26 1490 79547108
1 1004 1680 79316407
1 520 1796 78929594
1 45 222 78844576
1 232 1014 78827037
1 259 1824 78634285
1 193 1100 78613021
1 1187 1856 78605940
1 358 1103 78414798
1 889 1321 78335990
1 202 1724 78277299
1 89 683 78239649
1 261 793 78207739
1 183 1680 78160840
1 835 1622 78068576
1 601 646 78067889
1 266 1331 77919086
1 502 644 77826863
1 993 1409 77779905
1 917 1590 77697410
1 913 1780 77615715
1 730 1383 77547914
1 303 567 77531479
1 230 416 77509065
1 372 588 77469539
1 42 908 76909430
1 413 1307 76871256
1 1782 1910 76806421
1 207 518 76805268
1 613 1959 76727250
1 1132 1919 76505842
1 1092 1230 76328275
1 1100 1727 76289908
1 1148 1702 76281070
1 870 1032 75909614
1 1602 1660 75647018
1 278 549 75596532
1 1608 1921 75549482
1 877 1911 75395215
1 220 1290 75380272
1 1517 1653 75316985
1 968 1731 75230150
1 196 1781 75147008
1 110 1125 75124683
1 663 1405 75047358
1 371 1497 74933431
1 345 416 74856382
1 306 1917 74711052
1 6 339 74670869
1 1313 1423 74547435
1 599 1702 74366485
1 323 916 74331772
1 265 874 74289813
1 1512 1577 74264233
1 418 1269 74186644
1 468 543 74116186
1 404 1235 74062674
1 196 980 74052649
1 794 1386 73985309
1 858 1266 73774645
1 64 926 73651422
1 387 1207 73649142
1 840 1957 73608344
1 418 1338 73556330
1 1735 1836 73454357
1 1018 1191 73274404
1 436 1739 73236072
1 198 1996 73215493
1 390 1432 73212534
1 471 1167 73181816
1 220 1703 73160747
1 207 305 72946565
1 349 1363 72909579
1 350 750 72908141
1 770 1180 72661219
1 193 1387 72567391
1 1113 1351 72339836
1 502 608 72270838
1 1348 1798 72164082
1 154 1605 72069040
1 240 513 72022152
1 1033 1384 72021583
1 700 741 71935435
1 808 1616 71921396
1 602 632 71762773
1 492 709 71691933
1 1262 1479 71531210
1 1624 1958 71476629
1 16 773 71451864
1 1437 1514 71325403
1 758 1802 71259763
1 365 462 70787251
1 1221 1781 70773657
1 749 1205 70710635
1 674 1339 70697435
1 1314 1596 70463830
1 313 410 70357412
1 436 462 70305904
1 19 1264 70203947
1 933 1288 70104814
1 72 1190 70083191
1 808 1244 70013367
1 375 495 69989840
1 516 939 69929123
1 78 445 69878133
1 84 1723 69867317
1 1524 1748 69809801
1 1034 1277 69696859
1 850 1976 69589139
1 1050 1651 69564959
1 770 1756 69555865
1 572 607 69541328
1 783 1444 69536755
1 738 1775 69442078
1 583 1845 69431415
1 802 1792 69410735
1 422 745 69384345
1 464 1228 69303727
1 227 405 69136962
1 764 1362 69069335
1 60 1871 69050864
1 1560 1687 69050462
1 155 1581 68975227
1 956 1941 68966675
1 940 1616 68834917
1 144 1134 68788210
1 1049 1642 68733249
1 1505 1740 68707130
1 293 386 68596082
1 510 1275 68561811
1 1562 1650 68507463
1 1011 1188 68500099
1 716 1204 68353891
1 1495 1874 68348718
1 1433 1915 68336515
1 268 1483 68327407
1 49 539 68204174
1 25 661 68121035
1 1237 1787 68117560
1 806 1656 68086929
1 533 854 67999586
1 1019 1687 67928147
1 1048 1594 67906577
1 357 754 67872777
1 528 1974 67763375
1 1109 1340 67681860
1 438 1885 67641184
1 44 231 67533373
1 834 1302 67524780
1 326 396 67419610
1 379 395 67413536
1 1042 1330 67262722
1 1161 1304 67193251
1 1787 1884 67034411
1 1290 1385 67018809
1 1091 1388 66731742
1 160 1787 66660084
1 1132 1279 66597788
1 51 903 66310585
1 223 1843 66266229
1 81 1356 66141265
1 75 558 66089934
1 227 573 65595540
1 1900 1998 65570076
1 1015 1533 65492506
1 910 945 65411186
1 988 1455 65342072
1 1778 1907 65282553
1 1209 1938 65194415
1 723 1824 65117478
1 717 1622 65005784
1 1659 1677 64948275
1 402 1999 64803718
1 624 1626 64791033
1 1505 1542 64791029
1 476 857 64786904
1 676 1805 64653760
1 6 1563 64620264
1 1468 1608 64559998
1 250 904 64522621
1 1334 1894 64469739
1 424 1884 64397469
1 625 1435 64370502
1 57 1164 64292430
1 199 723 64138971
1 1003 1560 63562713
1 495 1984 63443299
1 675 1529 62914374
1 921 1520 62745547
1 590 1170 62578172
1 1618 1979 62498121
1 211 1251 62271030
1 176 1121 62210986
1 550 1515 62135273
1 554 1990 62035713
1 1732 1884 62027611
1 174 1563 61897790
1 389 533 61805277
1 204 784 61769938
1 633 1149 61644339
1 113 812 61608267
1 1259 1796 61540129
1 68 1593 61414419
1 446 1781 61413147
1 777 1230 61374798
1 1258 1686 61335979
1 349 1769 61177479
1 62 1619 61175632
1 1288 1933 61006177
1 1219 1232 60828439
1 306 1533 60761300
1 838 878 60744167
1 992 1809 60633838
1 871 1869 60491179
1 481 1619 60405721
1 731 1784 60284359
1 604 991 60280380
1 324 517 60215423
1 133 911 60195257
1 736 1099 60174661
1 1723 1987 60074603
1 1081 1893 59875674
1 1403 1711 59829875
1 1461 1671 59706467
1 25 1660 59569377
1 254 1553 59524439
1 853 1140 59280219
1 1242 1448 59252499
1 539 603 59233480
1 295 906 59089026
1 519 1667 59061321
1 825 1164 58986486
1 594 1367 58977422
1 626 944 58905086
1 261 760 58892529
1 788 1569 58635941
1 719 1154 58584637
1 1445 1489 58574421
1 952 1581 58549838
1 1355 1726 58436938
1 143 1531 58344581
1 1034 1890 58330031
1 1288 1466 58324691
1 1341 1455 58323948
1 1246 1459 58179133
1 242 808 58155060
1 101 1018 58137949
1 161 1838 58110193
1 436 893 57915678
1 1161 1803 57868906
1 870 1305 57708406
1 494 791 57581444
1 1818 1892 57568994
1 419 1736 57333163
1 284 1083 57330483
1 699 1362 57278889
1 321 1677 57246543
1 573 1932 57238998
1 1252 1474 57122074
1 901 1949 57096171
1 158 974 57075948
1 727 1465 56861823
1 66 615 56806212
1 1363 1966 56509186
1 655 1252 56179417
1 443 1464 56121682
1 875 1100 56115475
1 884 930 55893693
1 56 77 55713234
1 162 1279 55648293
1 517 1759 55605866
1 1239 1741 55458936
1 649 1828 55455713
1 416 941 55404850
1 142 1829 55340100
1 330 1094 55004660
1 429 831 54995169
1 99 160 54803123
1 586 1407 54559765
1 1904 1984 54434954
1 705 1075 54324311
1 1384 1654 54273183
1 338 1349 54215731
1 204 1014 54200709
1 720 1938 54124906
1 1223 1945 54035536
1 839 1717 53961194
1 311 1831 53858393
1 900 1517 53609991
1 425 1816 53608278
1 1021 1502 53487738
1 866 1689 53374303
1 1544 1787 53339133
1 558 1587 52591542
1 526 1400 52587345
1 983 1537 52468441
1 62 1330 52318002
1 242 1378 52102697
1 362 1231 52026409
1 613 1819 52002151
1 329 962 51753908
1 905 1327 51607756
1 237 805 51427163
1 850 1789 51340881
1 1659 1861 51146382
1 39 1486 51124309
1 897 1817 51007906
1 1049 1448 50853971
1 34 988 50821505
1 1182 1663 50674922
1 1311 1488 50641077
1 193 1793 50592412
1 634 791 50538856
1 741 1671 50536122
1 132 548 50373925
1 899 1907 50345831
1 415 1860 50309725
1 1036 1614 50177599
1 698 1092 50110868
1 102 798 50070398
1 823 1553 50055817
1 99 1284 50011134
1 1572 1773 49969426
1 937 1757 49672960
1 287 1575 49508974
1 495 1999 49383597
1 319 392 49157333
1 158 1044 48954781
1 1474 1740 48866806
1 1067 1367 48851559
1 70 689 48850952
1 417 1634 48836595
1 59 1806 48828008
1 264 1463 48764749
1 942 1827 48675244
1 1109 1807 48644509
1 1853 1873 48588035
1 723 1632 48300507
1 1122 1793 48153716
1 1399 1633 48149704
1 873 1088 47931772
1 524 587 47892559
1 1262 1955 47772776
1 190 543 47703820
1 638 1703 47658111
1 1378 1454 47647046
1 587 1837 47547867
1 427 1332 47516941
1 910 1297 47497309
1 1217 1663 47319218
1 163 671 47275411
1 1293 1957 47236826
1 1109 1694 47223922
1 486 1054 46840428
1 891 1430 46611511
1 169 1202 46610465
1 1546 1651 46482837
1 46 571 46347573
1 1478 1481 46120758
1 1193 1769 46063909
1 733 1824 46038837
1 120 1891 46023306
1 64 351 46000910
1 119 564 45798339
1 681 709 45640214
1 204 1015 45632158
1 1088 1794 45518602
1 963 1988 45502100
1 28 1277 45427594
1 258 1273 45139044
1 183 379 45060709
1 563 1365 44826525
1 914 1076 44821576
1 892 1935 44760831
1 151 1067 44735341
1 176 950 44723511
1 325 648 44446460
1 333 967 44416331
1 757 937 44376537
1 1315 1884 44242499
1 194 1849 44156741
1 833 1063 43853580
1 1281 1427 43831118
1 791 1383 43778186
1 1079 1548 43608168
1 3 874 43196810
1 936 1462 43002771
1 519 1262 42946532
1 223 1830 42915245
1 93 293 42852394
1 1074 1123 42701755
1 89 1301 42696169
1 1110 1487 42572701
1 722 1231 42549362
1 1507 1941 42488921
1 108 1347 42431364
1 299 958 42390833
1 818 1395 42215852
1 575 1016 42037494
1 1778 1859 41945459
1 1005 1348 41920726
1 515 609 41881239
1 49 1853 41770659
1 259 1491 41694795
1 617 1106 41579134
1 912 927 41503450
1 1026 1456 41477221
1 1 518 41231288
1 590 1186 41227134
1 603 705 41017117
1 161 1658 40959889
1 140 1237 40831670
1 767 1014 40742475
1 1412 1610 40511625
1 602 1196 40432695
1 1308 1385 40426122
1 717 855 40417288
1 305 848 39944649
1 8 1526 39909425
1 229 1610 39859301
1 176 1153 39838709
1 1023 1312 39671592
1 44 439 39629391
1 1254 1927 39571225
1 845 1369 39483462
1 107 1081 39430422
1 1427 1885 39184800
1 129 1349 39115333
1 211 625 38686361
1 1229 1660 38378838
1 80 1588 38367800
1 70 1354 38365210
1 807 1098 38359832
1 370 1750 38290322
1 511 1705 38150173
1 480 836 37826005
1 1149 1313 37746131
1 978 1572 37719833
1 1132 1958 37471821
1 73 1394 37315088
1 379 1955 37044752
1 1225 1640 36784257
1 626 1575 36778046
1 1119 1560 36566054
1 1830 1888 36535420
1 398 1394 36336207
1 311 1254 36123379
1 22 212 36057625
1 68 1374 35776373
1 915 1608 35477321
1 1494 1563 35152449
1 33 1533 35077048
1 479 1795 35067408
1 293 307 34827340
1 999 1477 34812074
1 1013 1842 34753307
1 1117 1679 34729054
1 216 800 34665952
1 767 1638 34569485
1 1264 1484 34462739
1 1709 1868 34427981
1 98 880 34408962
1 1645 1803 34206894
1 1973 1991 34178433
1 1149 1901 34142255
1 252 1245 34140013
1 971 1695 34098947
1 833 1119 34057248
1 99 250 34044575
1 691 1462 34030180
1 147 1660 33961578
1 426 650 33901756
1 578 1557 33748141
1 1082 1814 33535339
1 265 743 33360834
1 722 1136 33351933
1 1467 1944 33227203
1 119 1756 33119245
1 694 1211 33075438
1 1137 1345 33072868
1 1359 1515 33034749
1 11 1313 33020793
1 1268 1789 32950084
1 1394 1888 32875958
1 271 1846 32819859
1 9 652 32803908
1 165 738 32795338
1 755 948 32698613
1 56 433 32605311
1 380 1942 32597798
1 149 1775 32440711
1 402 1233 32318124
1 973 1818 32309330
1 280 580 32301824
1 57 909 32236570
1 1373 1587 32010381
1 1226 1238 31920420
1 65 331 31895463
1 212 755 31759887
1 731 1345 31754394
1 610 615 31639510
1 800 1348 31536524
1 716 1171 31436685
1 103 1824 31431879
1 451 891 31416504
1 1054 1396 31250711
1 779 1905 31073090
1 1072 1221 31031652
1 872 1305 30888658
1 1159 1721 30723776
1 1053 1749 30690660
1 298 1078 30650074
1 499 1334 30524506
1 887 1685 30379432
1 1368 1681 30377868
1 293 508 30237117
1 629 1258 30085263
1 596 748 30070147
1 1371 1671 30064925
1 283 877 29901265
1 1139 1529 29855741
1 801 986 29783429
1 399 974 29783145
1 439 794 29725655
1 564 1184 29723648
1 530 1485 29602851
1 575 790 29574127
1 122 1824 29553156
1 153 1152 29409668
1 1423 1585 29288347
1 1452 1919 28966665
1 88 936 28667100
1 67 677 28621734
1 8 372 28591868
1 1187 1367 28557573
1 161 2000 28555181
1 158 1463 28514576
1 699 1068 28507934
1 394 1204 28495032
1 908 1419 28421459
1 707 1346 28414838
1 507 1562 28358638
1 443 1585 28318320
1 382 1102 28201491
1 1333 1555 28186093
1 80 316 28078525
1 89 1613 27993971
1 664 791 27982947
1 959 1550 27870754
1 443 826 27728139
1 1664 1801 27666790
1 323 1909 27622806
1 142 159 27601616
1 711 1969 27571269
1 630 692 27542186
1 450 571 27476300
1 663 1216 27464188
1 1882 1966 27217279
1 493 852 27108383
1 1293 1355 26900915
1 1062 1462 26647326
1 146 1447 26636442
1 1651 1825 26629159
1 407 1083 26601034
1 1349 1482 26571325
1 544 1104 26536439
1 946 1580 26509999
1 305 1166 26426551
1 2 182 26164518
1 255 597 26125853
1 1190 1442 26107118
1 71 750 26064451
1 847 1501 25921082
1 652 1470 25904703
1 968 1897 25888551
1 1117 1814 25864955
1 204 528 25738699
1 22 435 25724649
1 608 1175 25649695
1 549 1413 25599302
1 13 46 25518849
1 389 959 25099498
1 878 1305 25088945
1 1139 1910 25053696
1 1716 1745 25052399
1 1586 1856 24868948
1 339 973 24763101
1 592 1254 24678527
1 1325 1438 24565679
1 104 614 24097018
1 234 289 24080934
1 25 477 24038078
1 78 167 24012656
1 1811 1913 23991346
1 236 1976 23940454
1 312 775 23907006
1 259 1587 23890043
1 204 709 23878655
1 204 1150 23474711
1 1056 1258 23346975
1 326 1319 23228732
1 115 711 23199096
1 1422 1938 23184124
1 764 1447 22875747
1 704 1374 22683070
1 469 1524 22655857
1 1426 1554 22651346
1 392 1550 22565320
1 346 1421 22526242
1 1118 1891 22440585
1 18 1398 22276675
1 997 1193 22107165
1 586 944 22089285
1 922 1883 21791540
1 177 767 21559548
1 599 1924 21519892
1 844 1880 21222103
1 1111 1825 20964604
1 1016 1540 20957000
1 1125 1784 20875577
1 755 1589 20699203
1 285 1108 20475288
1 1733 1798 20346789
1 516 1055 20073078
1 215 534 20016307
1 1197 1406 19961037
1 1006 1360 19864423
1 958 1989 19827225
1 567 1394 19703709
1 188 1050 19602808
1 235 377 19559425
1 674 1054 19506618
1 229 1000 19435969
1 735 1972 19424135
1 1590 1688 19410020
1 491 1599 19401878
1 102 650 19356823
1 1001 1963 19175109
1 202 1716 19150981
1 215 1567 19024424
1 931 1083 18891345
1 848 1761 18877536
1 840 1551 18867605
1 216 1134 18810911
1 1383 1958 18571796
1 277 1163 18549925
1 787 1821 18489477
1 472 1860 18437701
1 444 1115 18275188
1 1694 1711 18162108
1 1581 1947 18026386
1 904 1555 17868253
1 551 1169 17829225
1 1550 1931 17704274
1 49 213 17633088
1 1249 1693 17573176
1 575 1249 17565975
1 1695 1918 17516320
1 179 1762 17315845
1 1277 1280 17306802
1 758 1577 17239389
1 1241 1765 16838038
1 247 854 16785791
1 1810 1881 16715706
1 327 1008 16541808
1 114 273 16309392
1 917 1527 16293081
1 1320 1914 16183306
1 500 1121 15980513
1 1130 1406 15864974
1 1269 1671 15738928
1 520 1730 15724536
1 721 737 15578105
1 579 833 15149294
1 1167 1483 14991996
1 893 987 14817645
1 540 1250 14699767
1 294 1571 14410967
1 339 870 14303123
1 562 1534 14280377
1 385 1793 14260587
1 1127 1773 14013278
1 511 671 13910470
1 496 1898 13724901
1 547 1787 13629903
1 300 651 13410608
1 1602 1789 13393078
1 795 1820 13285686
1 1575 1977 13241304
1 1174 1519 13183034
1 945 1027 13161295
1 677 1711 13158569
1 1494 1627 12991665
1 901 1104 12986938
1 48 137 12873836
1 332 1028 12575381
1 1192 1266 12542322
1 338 728 12259891
1 1036 1046 12181437
1 194 831 12073545
1 635 959 12039405
1 208 1255 11830812
1 956 1700 11531314
1 562 668 11460590
1 204 1176 11429591
1 307 727 11414537
1 858 1614 11272667
1 453 810 11200689
1 264 1598 11193524
1 436 662 11066634
1 300 1826 10898192
1 89 301 10792066
1 552 1356 10724976
1 294 1447 10665505
1 998 1571 10554944
1 148 1069 10449421
1 876 1672 10441347
1 286 1513 10143672
1 756 848 9804781
1 968 1157 9741953
1 311 1708 9730031
1 126 659 9647392
1 516 1721 9548196
1 1554 1740 9537553
1 639 712 9353841
1 985 1595 9268785
1 613 1329 9121715
1 412 1270 8965980
1 808 1153 8900860
1 564 1395 8790368
1 603 914 8573236
1 492 1700 8446608
1 177 246 8307791
1 280 377 8139447
1 10 1717 8006234
1 954 975 7924902
1 812 1273 7768057
1 1083 1847 7556872
1 825 1350 7552367
1 733 1044 7509117
1 546 867 7407859
1 1802 1809 7368816
1 661 1980 7187983
1 1144 1949 7159073
1 269 1868 7140497
1 29 652 7118126
1 22 1799 6706899
1 810 1089 6122303
1 1249 1390 6028825
1 1126 1886 5915159
1 477 1541 5897873
1 1137 1175 5874421
1 883 1014 5712497
1 30 638 5605870
1 359 1188 5604582
1 6 34 5497136
1 1225 1654 5481925
1 4 244 5469652
1 1333 1601 5469578
1 450 987 5448027
1 1528 1927 5433693
1 376 1486 5276900
1 156 1522 5149363
1 6 244 5089146
1 37 1044 5076054
1 365 954 5021152
1 421 1863 4974158
1 515 564 4857689
1 880 1619 4769515
1 968 1645 4533222
1 317 869 4487018
1 561 1459 4409998
1 159 316 4354223
1 572 1407 4349032
1 239 340 4338966
1 154 572 4255768
1 371 1321 4205837
1 1266 1582 4046352
1 1003 1857 4021588
1 466 492 4014622
1 110 1847 3941507
1 346 1634 3840098
1 733 1678 3599013
1 1554 1926 3594546
1 766 1525 3553368
1 204 1693 3505092
1 1795 1858 3310792
1 715 964 3306173
1 849 1733 3294217
1 382 1181 3134110
1 986 1250 3061684
1 122 961 2806098
1 257 314 2513662
1 1044 1064 2300977
1 1287 1508 2298560
1 919 956 2082260
1 577 1927 1984942
1 886 1243 1949694
1 449 882 1942276
1 959 984 1709658
1 704 1629 1539521
1 1799 1894 1513738
1 168 1566 1391318
1 1105 1598 1364913
1 416 496 1362424
1 422 1233 1249271
1 1399 1853 305832
1 459 1272 173682
1 471 811 172263
1 985 1964 88526
1 1258 1746 5987
2 609 688 99946992
2 415 493 99863436
2 895 1874 99651987
2 342 1949 99620566
2 1105 1857 99482421
2 686 1122 99357771
2 1186 1843 99252462
2 770 1113 99138794
2 114 995 99098443
2 975 1897 99051163
2 723 1472 99025324
2 203 369 99017596
2 106 1470 98985323
2 1123 1943 98941969
2 19 491 98846980
2 34 779 98670801
2 164 645 98367399
2 779 1949 98237571
2 333 1003 98208728
2 80 621 98169993
2 1054 1771 98091568
2 1034 1548 98091223
2 387 1128 98089157
2 986 1644 97850073
2 441 895 97797199
2 1024 1342 97731570
2 504 1950 97588379
2 1637 1649 97577813
2 66 603 97561319
2 358 511 97487403
2 1419 1837 97463006
2 232 1196 97429894
2 1551 1832 97292816
2 1135 1737 97158676
2 478 829 96858542
2 270 1835 96855207
2 238 793 96844364
2 941 1143 96774975
2 249 313 96544189
2 245 368 96239626
2 75 1756 96173093
2 172 426 96022303
2 165 785 95797312
2 166 1285 95728671
2 262 728 95631889
2 1814 1974 95568203
2 57 118 95548355
2 589 1994 95330018
2 64 782 95268221
2 373 1607 95266660
2 1015 1089 95045110
2 492 1465 94996441
2 346 760 94864697
2 579 1160 94809685
2 378 1455 94788918
2 902 1701 94728662
2 461 920 94689555
2 1037 1902 94678082
2 908 1740 94617880
2 2 1089 94285935
2 392 1624 94272489
2 1565 1965 94122541
2 1314 1524 93937319
2 639 1011 93839918
2 222 1408 93817853
2 474 1010 93772176
2 125 338 93689281
2 695 1939 93682939
2 24 740 93394380
2 1358 1446 93356505
2 1353 1698 93276229
2 919 1885 93261772
2 824 1345 93192529
2 1705 1910 93176874
2 413 1831 93112297
2 459 1003 93078492
2 75 1638 93075681
2 272 661 92576160
2 498 1464 92467530
2 656 1221 92086377
2 694 1657 92040547
2 1365 1581 91763927
2 537 540 91667235
2 236 1268 91637247
2 76 1633 91580145
2 216 1047 91567626
2 468 1671 91529686
2 143 1978 91468932
2 719 1328 91167644
2 147 910 91126310
2 1444 1761 91120478
2 608 1109 90820716
2 496 1459 90733671
2 501 1677 90688596
2 1002 1657 90681493
2 606 1837 90505231
2 231 933 90428014
2 312 716 90280368
2 701 767 90222394
2 1156 1654 90026674
2 676 1576 89961131
2 1924 1937 89909679
2 21 304 89765947
2 1100 1621 89728900
2 1235 1257 89515371
2 917 1067 89368258
2 1103 1586 89241092
2 252 1551 89157020
2 141 422 89074251
2 716 1254 89012235
2 305 1509 88978970
2 530 1384 88764810
2 990 1596 88608685
2 1449 1474 88301264
2 1108 1957 88138980
2 1046 1650 88130913
2 737 925 87896582
2 781 1587 87883038
2 1693 1870 87880249
2 572 1137 87844929
2 566 921 87723706
2 501 961 87476183
2 860 1378 87424577
2 1089 1139 87345970
2 83 1743 87192710
2 251 1111 87064063
2 1260 1565 87008578
2 97 1690 87001539
2 696 1183 86879049
2 896 1913 86785749
2 571 1477 86758946
2 426 1329 86596546
2 1660 1715 86357443
2 1143 1282 86352358
2 459 1708 86196418
2 116 1894 86071597
2 339 1379 86045336
2 1531 1561 86005002
2 406 486 85912332
2 917 1227 84862993
2 1679 1802 84823069
2 1437 1721 84642749
2 1679 1975 84625046
2 1032 1283 84370235
2 55 828 84215252
2 1756 1815 84204143
2 675 970 84119107
2 483 900 83974168
2 384 1243 83891616
2 762 1672 83728291
2 1094 1120 83624719
2 835 1204 83613489
2 172 818 83472351
2 1152 1550 83316395
2 1049 1493 83154431
2 904 1092 83151287
2 471 1348 83124300
2 113 1828 83100205
2 158 517 82901864
2 1148 1547 82851751
2 1454 1806 82685229
2 1023 1849 82610983
2 351 734 82562245
2 1316 1966 82445393
2 1689 1907 82392589
2 184 1379 82112545
2 1571 1673 82070738
2 1100 1381 82065041
2 1133 1859 81808619
2 264 891 81798001
2 273 1135 81652817
2 698 1973 81644201
2 1205 1724 81408700
2 856 1014 81373435
2 1534 1648 81320535
2 1457 1466 81306827
2 482 1370 81227659
2 454 475 81169053
2 570 977 81000134
2 181 1746 80874404
2 102 314 80871239
2 1609 1743 80802504
2 1138 1922 80674049
2 763 1510 80608788
2 231 1624 80548462
2 566 1182 80395369
2 899 1827 80312782
2 269 869 80265473
2 274 1281 80115786
2 727 1981 79882388
2 9 1318 79687373
2 1175 1908 79658900
2 1452 1611 79581792
2 403 633 79512264
2 852 1271 79475382
2 49 444 79333952
2 607 785 79241229
2 1205 1553 79223498
2 468 1128 79179983
2 292 1727 79052510
2 380 1750 78798220
2 55 1119 78555377
2 545 904 78509575
2 34 461 78460990
2 327 598 78459140
2 649 1774 78433547
2 1163 1234 78401626
2 1090 1928 78180592
2 310 1354 78163330
2 137 1598 78064823
2 1088 1838 77913566
2 1451 1748 77870010
2 1411 1721 77740905
2 291 1442 77660338
2 138 1938 77536727
2 601 1074 77431316
2 642 1174 77333675
2 741 1500 77242266
2 260 632 77237685
2 18 1883 77229369
2 314 479 77035084
2 9 1246 76725450
2 715 819 76675089
2 691 1839 76665252
2 74 702 76585537
2 834 1611 76511643
2 600 943 76404079
2 91 773 76381070
2 101 103 76182247
2 443 1395 76104332
2 169 1479 75999168
2 824 1209 75991613
2 274 960 75984965
2 625 1726 75960767
2 750 1472 75953288
2 406 1826 75950188
2 432 1980 75835950
2 1323 1690 75723029
2 463 1054 75582119
2 784 1735 75545390
2 1265 1421 75530231
2 111 1389 75453045
2 9 528 75214162
2 1198 1691 75208390
2 534 603 75175049
2 1486 1969 75081748
2 931 1277 75062569
2 1438 1852 75047137
2 882 1525 74877463
2 329 1800 74628734
2 798 1108 74587018
2 436 749 74571982
2 1747 1807 74519713
2 1186 1884 74446852
2 1087 1666 74377831
2 711 752 74360953
2 1602 1863 74343609
2 1670 1854 74244328
2 204 1061 74127359
2 1084 1399 74121379
2 641 677 74091447
2 535 1749 74015811
2 1385 1612 74002874
2 383 1642 73883677
2 290 476 73530915
2 381 812 73524418
2 255 1306 73490195
2 633 1832 73407759
2 648 1306 73387572
2 319 1928 73365010
2 1056 1341 73122046
2 648 1856 73001909
2 451 1431 72986400
2 1238 1834 72696440
2 893 1406 72536104
2 719 997 72418533
2 1193 1297 72398997
2 1262 1985 72357267
2 308 531 72313770
2 432 1572 72310459
2 298 1755 72294873
2 1205 1206 72154175
2 859 1948 71843805
2 572 897 71798753
2 110 1963 71563030
2 607 625 71548271
2 1154 1302 71368794
2 32 1631 71366374
2 1261 1616 71336948
2 909 1016 71336442
2 559 1016 71180139
2 613 1652 71171562
2 1766 1852 71124726
2 678 1925 71077943
2 906 1131 70984978
2 1202 1707 70911588
2 534 1038 70839614
2 294 1585 70757570
2 665 1548 70659911
2 415 1263 70557775
2 1199 1379 70469646
2 35 1918 70272565
2 293 1777 69916811
2 981 1817 69845810
2 205 1013 69796295
2 54 1062 69719543
2 874 1905 69700083
2 907 1837 69613987
2 1020 1515 69568996
2 486 1964 69561441
2 1252 1673 69537718
2 957 1606 69514513
2 900 1203 69472607
2 482 1725 69427390
2 350 977 69216640
2 428 1984 69090045
2 39 922 68874281
2 50 1216 68743021
2 591 1082 68717995
2 898 1946 68244653
2 558 1821 68201086
2 1227 1944 68194292
2 848 1962 68131584
2 396 1576 68042854
2 1280 1466 67819901
2 632 1265 67769685
2 848 1139 67502732
2 448 995 67467969
2 211 1530 67000423
2 1510 1707 66908996
2 746 1042 66869060
2 827 1502 66792654
2 680 991 66769543
2 217 1133 66456830
2 1211 1857 66229043
2 1059 1082 66053617
2 25 1300 65793737
2 865 1457 65638858
2 52 140 65547755
2 1267 1569 65535283
2 998 1416 65216326
2 466 937 65122527
2 101 193 64950208
2 3 505 64901448
2 300 408 64787043
2 625 1922 64641859
2 482 660 64638266
2 427 1236 64604587
2 1683 1876 64569489
2 609 1565 64457330
2 1124 1161 64358321
2 668 1716 64208300
2 540 1913 64170601
2 1015 1376 64162466
2 504 994 64064929
2 635 1153 64057510
2 236 306 63968357
2 964 1731 63918981
2 239 366 63279522
2 854 1814 63081409
2 513 1301 63048967
2 643 1937 62959171
2 1434 1801 62893264
2 144 583 62692098
2 1665 1998 62664510
2 454 1934 62578526
2 139 694 62432556
2 357 1240 62428448
2 202 398 62419663
2 662 1543 62397161
2 629 1466 62378671
2 87 757 62269000
2 567 1612 62178122
2 609 1210 62016961
2 155 274 61877383
2 1221 1699 61838798
2 104 419 61813668
2 1538 1622 61741820
2 688 984 61405868
2 1049 1875 61334151
2 157 274 61332430
2 337 887 61320225
2 1343 1584 61012837
2 34 584 60907089
2 111 1495 60581094
2 463 836 60546184
2 1234 1855 60434778
2 1026 1704 60433613
2 587 981 60392263
2 613 1331 60186047
2 640 1186 60156785
2 473 1676 60004311
2 1219 1928 60000555
2 778 883 59989497
2 240 879 59851897
2 636 1423 59842072
2 649 1133 59820783
2 1206 1770 59738337
2 678 1658 59726149
2 339 1378 59452959
2 830 1945 59392297
2 170 517 59331650
2 173 1591 59116137
2 1191 1657 58997968
2 642 871 58931833
2 742 1364 58873919
2 67 488 58735041
2 1519 1597 58698478
2 1006 1090 58503141
2 1139 1554 58364585
2 1213 1913 58342964
2 920 1092 58287764
2 326 1079 58111982
2 238 1902 58082530
2 787 1911 57856317
2 398 1316 57606816
2 815 1135 57497121
2 839 1920 57441272
2 652 1887 57424165
2 565 963 57337725
2 227 1440 57264680
2 1205 1660 57047313
2 771 1000 56954336
2 126 1485 56946072
2 209 1249 56901957
2 588 1166 56808547
2 1215 1402 56722154
2 824 1928 56706010
2 709 987 56679953
2 255 1085 56659621
2 263 267 56622684
2 752 1933 56604394
2 1266 1916 56588230
2 322 576 56542347
2 449 1956 56112566
2 418 981 56100319
2 144 159 55828149
2 216 1697 55783728
2 611 633 55724707
2 400 1655 55607821
2 297 1233 55556183
2 873 1913 55441691
2 1564 1761 55160683
2 365 499 55114841
2 1539 1775 54885882
2 81 821 54825619
2 1276 1457 54777921
2 328 1199 54731308
2 1557 1581 54552589
2 449 1419 54508343
2 90 1173 54436532
2 540 1507 54387236
2 963 1825 53973522
2 207 285 53719792
2 850 937 53616161
2 1243 1832 53504477
2 273 751 53343372
2 154 1093 53300076
2 121 643 53117882
2 365 1847 53092019
2 196 1205 53008413
2 397 650 52924116
2 238 1362 52776345
2 42 742 52558225
2 783 1793 52553778
2 451 520 52395405
2 633 710 52188033
2 738 1396 52165689
2 1487 1664 52101526
2 700 1873 52100731
2 1731 1817 52053759
2 392 777 52042513
2 316 734 51983643
2 549 1406 51959175
2 565 1850 51842373
2 1565 1933 51796323
2 153 1099 51664409
2 1374 1442 51637235
2 169 384 51581536
2 530 694 51557123
2 125 1645 51320870
2 607 699 51285811
2 735 964 51117773
2 244 1500 50813767
2 700 1407 50616350
2 404 619 50104099
2 716 1240 50081898
2 888 1707 50006645
2 1214 1943 49936684
2 528 830 49918462
2 1516 1990 49858136
2 75 1529 49828399
2 891 1880 49815205
2 257 1748 49809458
2 1110 1622 49661723
2 495 1727 49619085
2 1044 1293 49584029
2 847 1712 49453241
2 139 963 49443029
2 415 1563 49320991
2 1864 1898 49118311
2 591 1159 49108109
2 612 1307 49107721
2 1231 1833 49098600
2 418 1365 48933083
2 482 1909 48879295
2 1531 1971 48744160
2 365 619 48727768
2 607 1039 48705269
2 603 949 48633393
2 447 1219 48616440
2 1672 1885 48464853
2 336 1928 48413309
2 581 724 48390022
2 969 1947 48340341
2 121 1607 48263684
2 1577 1667 48262687
2 419 718 48186884
2 275 1445 48185122
2 278 1832 47747172
2 371 1916 47729304
2 421 1396 47475887
2 1683 1982 47458025
2 489 1580 47285383
2 1110 1582 47279906
2 190 1194 47239608
2 395 1333 47197483
2 863 940 46952384
2 383 1433 46950331
2 1214 1558 46725136
2 1147 1474 46687841
2 915 966 46644795
2 267 616 46580031
2 843 1223 46567696
2 1080 1751 46559877
2 152 589 46205555
2 1335 1964 46143307
2 1136 1537 46057069
2 762 1754 46049369
2 203 919 46024590
2 232 892 45808259
2 560 1568 45619811
2 1133 1580 45521110
2 490 920 45400610
2 123 1587 45390251
2 486 839 45389344
2 384 961 45360650
2 882 1756 45289714
2 342 1786 45240698
2 1151 1427 45166193
2 818 1731 45089336
2 1093 1276 44984005
2 804 2000 44975612
2 1124 1615 44909345
2 1313 1397 44874424
2 265 1913 44643981
2 397 815 44555161
2 445 1515 44522674
2 634 1651 44257065
2 95 807 44164514
2 39 1361 44110534
2 154 1757 44073354
2 513 1687 44060545
2 877 1189 44043650
2 1137 1807 43862469
2 413 1468 43749028
2 766 1009 43550261
2 1204 1222 43261844
2 547 1385 43256955
2 824 1982 43220235
2 1460 1785 43128249
2 906 1393 43024869
2 609 1898 42892325
2 598 957 42777339
2 154 532 42690732
2 1379 1741 42577064
2 562 1153 42430837
2 1278 1397 42349656
2 665 1755 42130098
2 250 1467 41956392
2 72 1465 41261702
2 638 1517 41245664
2 1756 1817 41211889
2 629 1013 41018039
2 924 1543 40931269
2 1172 1964 40914328
2 1149 1502 40908184
2 1486 1827 40856764
2 45 1762 40825633
2 1504 1805 40726925
2 647 964 40703404
2 16 367 40665633
2 1069 1360 40469547
2 244 1155 40405609
2 824 1740 40398638
2 304 1913 40161418
2 1224 1859 40035684
2 655 1879 39961463
2 570 1427 39868968
2 199 973 39707042
2 805 1797 39377124
2 591 1865 39286932
2 481 1881 39219538
2 456 1967 39192523
2 429 1950 39185152
2 697 1262 39130874
2 853 1667 39050483
2 644 1556 39033470
2 513 1148 38968804
2 1309 1692 38941286
2 1149 1628 38853920
2 71 962 38757985
2 1320 1863 38703878
2 126 1170 38642842
2 309 649 38612449
2 112 184 38586506
2 581 1332 38363513
2 319 743 38324494
2 491 678 38322816
2 1567 1852 38314342
2 456 1069 38305485
2 383 1851 38262054
2 1208 1723 38064718
2 843 1493 38007509
2 280 1040 37999751
2 959 1506 37948882
2 781 1778 37881927
2 84 1029 37844013
2 568 1352 37791793
2 1383 1765 37759232
2 873 1467 37685297
2 138 1435 37616848
2 626 1152 37606626
2 447 1517 37104084
2 240 1439 36572757
2 1141 1355 36492486
2 341 1841 36349901
2 166 1918 36303599
2 1510 1809 36300705
2 1050 1093 36270958
2 72 361 36076166
2 611 1545 35915017
2 1355 1959 35813597
2 1076 1767 35806094
2 442 1872 35779732
2 1702 1870 35696807
2 570 1622 35458341
2 245 1892 35345473
2 581 656 35315126
2 1279 1790 35282486
2 522 559 35045691
2 462 781 35041451
2 1411 1465 35025370
2 282 1329 34930347
2 495 1886 34742004
2 434 914 34696316
2 555 771 34666997
2 533 1145 34645317
2 105 593 34611302
2 87 260 34458177
2 153 294 34407663
2 621 1901 34394697
2 8 1131 34290977
2 748 855 34240669
2 1317 1382 34174326
2 109 936 34136642
2 774 978 34076627
2 1458 1716 34045366
2 290 659 34018191
2 540 987 33920393
2 80 1632 33900472
2 1112 1615 33874661
2 785 1698 33463493
2 465 921 33397727
2 401 1402 33238944
2 128 1026 33030160
2 738 1185 32900177
2 153 1676 32814132
2 308 1828 32725368
2 1069 1438 32565789
2 605 1513 32481460
2 602 1707 32453694
2 530 1946 32416708
2 263 374 31892688
2 75 1681 31743732
2 308 1940 31653705
2 1084 1372 31600355
2 751 1182 31402123
2 837 1426 31282346
2 341 610 31258059
2 411 1907 31254931
2 144 422 31011793
2 1142 1939 30845260
2 759 1701 30803203
2 767 851 30740905
2 489 1981 30409440
2 832 1249 30206304
2 300 1716 30082747
2 412 1144 29826656
2 566 1868 29747422
2 96 963 29538584
2 650 1638 29535610
2 646 1377 29371820
2 538 738 29355062
2 927 1285 29288495
2 646 1329 29170064
2 705 747 29150511
2 1216 1585 28734353
2 452 837 28637503
2 216 417 28636238
2 399 1237 28440128
2 179 506 28390315
2 870 1460 28236492
2 1018 1476 28206455
2 239 1567 28182533
2 1609 1632 28095406
2 170 1213 27968517
2 797 1708 27847410
2 87 1846 27719843
2 703 905 27717846
2 1543 1885 27717499
2 425 1886 27697842
2 928 1344 27666496
2 3 1165 27631134
2 873 952 27402310
2 1046 1777 27384112
2 1076 1396 27160965
2 1192 1681 27018548
2 203 520 26943198
2 309 608 26871086
2 770 1149 26694499
2 855 1055 26255417
2 1083 1187 26094665
2 518 1281 25882647
2 270 868 25867600
2 226 1314 25849701
2 1119 1322 25839692
2 347 1642 25757918
2 919 1354 25414338
2 945 1676 25394671
2 139 1904 25232646
2 191 410 25213854
2 9 1871 25210003
2 790 1999 25179439
2 368 1500 25163927
2 1192 1432 24927197
2 402 812 24875216
2 330 693 24662435
2 1023 1437 24631082
2 208 743 24361643
2 370 877 24336040
2 1400 1927 24321861
2 256 1473 24314817
2 334 437 24118472
2 597 1180 24071249
2 1549 1859 24047196
2 753 1033 24023733
2 487 1363 23891594
2 151 422 23648123
2 96 234 23648106
2 1278 1495 23494947
2 500 1162 23438798
2 1336 1355 23322108
2 1268 1958 23266076
2 302 1028 23258381
2 932 1451 23200053
2 1341 1864 23134639
2 138 1050 23056022
2 225 1184 23054674
2 1135 1764 23039339
2 586 848 22979080
2 902 1740 22977212
2 768 842 22917731
2 1382 1492 22851087
2 1121 1585 22651801
2 817 836 22590754
2 555 1425 22491550
2 1433 1648 22447264
2 532 1943 22292201
2 894 1336 22172867
2 404 1565 22110245
2 1149 1472 22054657
2 146 375 21954074
2 936 1371 21874970
2 37 725 21810959
2 1007 1635 21702242
2 368 756 21686568
2 985 1895 21654384
2 384 1558 21631513
2 678 1854 21577098
2 98 1699 21497824
2 1142 1556 21487741
2 529 776 21479364
2 749 1966 21176672
2 679 1756 21168236
2 1175 1459 21067997
2 1535 1556 20936857
2 81 1278 20894371
2 1772 1790 20726131
2 667 956 20638555
2 499 1689 20405478
2 203 1494 20400211
2 249 2000 20367542
2 1226 1547 20319589
2 508 1014 20298298
2 1109 1821 20294192
2 522 1185 20167088
2 1390 1508 20094705
2 1506 1539 20053101
2 494 610 20038040
2 233 950 19983819
2 1419 1527 19917016
2 85 1514 19661486
2 898 1923 19525028
2 194 1692 19415961
2 347 1706 19363258
2 492 1969 19312622
2 630 735 19229161
2 907 1951 19151687
2 816 898 19036025
2 654 1928 18871334
2 1399 1893 18330057
2 834 1098 17969476
2 179 1181 17869355
2 775 1053 17765184
2 648 1674 17058339
2 943 1294 16995403
2 474 1235 16904726
2 401 787 16894969
2 941 1345 16860368
2 1109 1895 16818594
2 257 413 16766230
2 650 1675 16558120
2 394 1456 16471887
2 1523 1599 16390189
2 239 1130 16324235
2 44 1822 16313593
2 880 1170 16218897
2 28 602 16071456
2 496 1251 15875947
2 438 1781 15831795
2 1075 1411 15791475
2 911 1936 15635924
2 700 1511 15533507
2 945 1588 15271805
2 121 878 15235968
2 173 676 14979854
2 131 661 14924692
2 394 1893 14719284
2 401 1733 14442519
2 688 804 14428804
2 1763 1860 14406554
2 240 1211 14379429
2 39 848 14302670
2 336 1910 14287645
2 182 219 14269064
2 410 972 14214952
2 572 1190 14047025
2 572 653 13920556
2 1593 1638 13904833
2 1187 1383 13869632
2 621 1131 13846757
2 395 515 13806903
2 447 1018 13636966
2 551 1021 13516409
2 58 1995 13331672
2 724 1210 13039523
2 81 332 12948306
2 246 937 12853781
2 1014 1693 12829238
2 315 1661 12780314
2 264 1298 12772591
2 535 667 12665035
2 202 1736 12631336
2 985 1767 12551640
2 812 1996 12308778
2 61 938 12260269
2 357 1021 12243372
2 687 1809 12172654
2 83 996 12161093
2 32 1963 12156338
2 427 1294 12040386
2 1319 1472 11991330
2 606 1887 11927400
2 1159 1597 11813487
2 1617 1978 11788756
2 291 302 11710354
2 950 983 11479362
2 532 1064 11470352
2 151 422 11470120
2 498 1172 11373605
2 1078 1633 11370731
2 1450 1754 11303662
2 112 469 11038042
2 334 622 11031247
2 934 1920 10891177
2 1395 1801 10879760
2 635 1562 10726414
2 13 667 10696548
2 435 1420 10549585
2 1167 1422 10267995
2 336 1577 10157080
2 800 1124 10134245
2 810 1970 10123288
2 383 1807 10065784
2 453 1477 9775806
2 738 1076 9759377
2 892 1798 9675588
2 1044 1652 9492489
2 412 774 9448046
2 55 1396 9339152
2 436 966 9205378
2 1433 1944 9161969
2 515 758 9043442
2 994 1774 8966333
2 1192 1399 8577794
2 946 1342 8510029
2 349 928 8202263
2 271 689 8084811
2 181 1554 7867861
2 1141 1638 7856618
2 72 229 7814385
2 1023 1670 7782466
2 1020 1076 7642812
2 33 317 7568303
2 883 1273 7547297
2 761 1691 7541354
2 1380 1796 7522694
2 290 1148 7364959
2 497 1389 7348384
2 7 1633 7319949
2 735 1066 7265874
2 575 1147 7073950
2 1001 1208 6935503
2 1155 1554 6876621
2 717 795 6837583
2 665 1946 6619888
2 225 272 6605583
2 535 1131 6505939
2 439 550 6333237
2 1646 1727 6181216
2 1570 1726 5949490
2 568 1631 5676227
2 1265 1387 5594128
2 752 1415 5387232
2 52 1992 5106956
2 690 1779 5092028
2 712 1295 5044179
2 930 1677 4881893
2 245 1626 4814247
2 1029 1464 4720237
2 18 1730 4667713
2 1465 1719 4654847
2 251 874 4312032
2 1399 1538 4094738
2 106 898 4035575
2 809 1056 4018726
2 1606 1885 4001559
2 417 1330 3802498
2 661 1439 3768467
2 422 1798 3709847
2 177 1556 3623361
2 255 1170 3472725
2 343 788 3468913
2 751 755 3456589
2 1137 1528 3273955
2 442 1559 3228121
2 70 1351 3188264
2 705 1946 2956592
2 273 1863 2942669
2 950 1748 2935902
2 552 1861 2880043
2 1683 1867 2877178
2 368 1053 2855603
2 820 929 2830137
2 818 1072 2781485
2 463 689 2757524
2 684 1571 2720402
2 1178 1935 2681620
2 211 1240 2645279
2 1154 1508 2617348
2 1180 1742 2614643
2 254 1540 2589583
2 544 1583 2421744
2 1008 1488 2320701
2 1302 1552 2306894
2 618 1320 2039436
2 1156 1765 1785086
2 178 1127 1673224
2 1157 1720 1437288
2 482 1613 1228581
2 477 510 954623
2 131 616 891526
2 54 397 814535
2 1302 1375 708518
2 663 1067 354981
2 1361 1518 325585
2 293 1452 292218
2 411 1828 136199
2 1006 1643 46333
